'2.jpg', 84, 114, 139, 172, 183, 132, 236, 192, 250, 153, 306, 233, 346, 152, 393, 208, 419, 146, 470, 202, 497, 159, 549, 219, 608, 141, 657, 199
'3.jpg', 164, 245, 212, 294, 191, 159, 234, 203, 289, 141, 342, 192, 287, 232, 345, 293, 434, 163, 481, 211, 427, 270, 481, 320, 538, 151, 583, 203, 548, 253, 599, 314, 654, 164, 693, 217, 661, 260, 716, 312, 774, 141, 829, 201, 790, 244, 845, 297
'4.jpg', 670, 141, 988, 567
'5.jpg', 443, 98, 557, 243
'6.jpg', 399, 182, 569, 352
'7.jpg', 142, 108, 196, 178, 329, 104, 386, 168, 500, 87, 552, 155, 702, 114, 754, 174
'8.jpg', 109, 91, 232, 248, 361, 112, 464, 266, 504, 126, 621, 274, 673, 153, 793, 298, 930, 55, 1063, 205
'9.jpg', 8, 161, 145, 285, 161, 135, 249, 272, 242, 203, 348, 350, 427, 203, 542, 354, 576, 196, 726, 355, 820, 83, 980, 286
'0--Parade/0_Parade_marchingband_1_849', 448.51, 329.63, 570.09, 478.23 
'0--Parade/0_Parade_Parade_0_904', 360.92, 97.92, 623.91, 436.46 
